学生成绩分析报告
=================
        student_id     chinese        math     english     physics  total_score  average_score
count   198.000000  198.000000  198.000000  198.000000  198.000000   198.000000     198.000000
mean   1100.464646  105.653535  104.894949  103.187374   69.082323   382.818182      95.703030
std      57.789802   25.654140   27.322051   25.429021   17.109473    45.728669      11.430371
min    1001.000000   60.500000   61.000000   61.300000   40.300000   276.200000      69.000000
25%    1051.250000   83.050000   82.575000   81.000000   53.550000   349.600000      87.425000
50%    1100.500000  106.600000  105.900000  102.100000   68.200000   378.900000      94.750000
75%    1149.750000  126.250000  128.300000  122.675000   84.050000   415.450000     103.875000
max    1200.000000  148.500000  149.800000  149.800000   98.900000   497.000000     124.200000